-5.18   0.00
-5.18   0.00
-5.18   0.00
-5.18   0.00
-5.18   0.00
-5.18   0.00
-5.18   0.00
-5.18   0.00
-5.18   0.00
-5.18   0.00
-5.18   0.00
-5.18   0.00
-5.18   0.00
-5.18   0.00
-5.18   0.00
-5.18   0.00
-5.18   0.00
-5.18   0.00
-5.18   0.00
-5.18   0.00
-5.18   0.00
-5.18   0.00
-5.18   0.00
-5.18   0.00
-5.18   0.00
-5.18   0.00
-5.18   0.00
-5.18   0.00
-5.18   0.00
-5.18   0.00
-5.18   0.00
-5.18   0.00
-5.18   0.00
-5.18   0.00
-5.18   0.00
-5.18   0.00
-5.18   0.00
-5.18   0.00
-5.18   0.00
-5.18   0.00
-5.18   0.00
-5.18   0.00
-5.18   0.00
-5.18   0.00
-5.18   0.00
-5.18   0.00
-5.18   0.00
-5.18   0.00
-5.18   0.00
-5.18   0.00
-5.18   0.00
-5.18   0.00
-5.18   0.00
-5.18   0.00
-5.18   0.00
-5.18   0.00
-5.18   0.00
-5.18   0.00
-5.18   0.00
-5.18   0.00
-5.18   0.00
-5.18   0.00
-5.18   0.00
-5.18   0.00
-5.18   0.00
-5.18   0.00
-5.18   0.00
-5.18   0.00
-5.18   0.00
-5.18   0.00
-5.18   0.00
-5.18   0.00
-5.18   0.00
-5.18   0.00
-5.18   0.00
-5.18   0.00
-5.18   0.00
-5.18   0.00
-5.18   0.00
-5.18   0.00
-5.18   0.00
-5.18   0.00
-5.18   0.00
-5.18   0.00
-5.18   0.00
-5.18   0.00
-5.18   0.00
-5.18   0.00
-5.18   0.00
-5.18   0.00
-5.18   0.00
-5.18   0.00
-5.18   0.00
-5.18   0.00
-5.18   0.00
-5.18   0.00
-5.18   0.00
-5.18   0.00
-5.18   0.00
-5.18   0.00
17000   -952   4236   859   -16   -159
17168   -720   4360   848   -20   -156
16904   -888   4288   856   -22   -155
17072   -884   4200   878   10   -153
17000   -876   4280   861   -34   -201
17076   -808   4392   872   8   -146
16836   -752   4268   865   -3   -172
17016   -844   4288   856   -1   -165
17032   -824   4276   880   -13   -158
17012   -848   4316   853   -20   -164
16972   -728   4348   861   -13   -150
17020   -860   4256   863   -8   -171
16956   -816   4312   871   -1   -139
17144   -880   4032   855   -7   -175
17008   -880   4228   847   -27   -152
16876   -772   4340   844   -19   -181
17192   -688   4204   862   -9   -162
16744   -904   4332   868   -10   -160
17112   -816   4304   856   1   -155
17008   -788   4272   862   -27   -144
16828   -788   4308   864   -24   -131
17388   -712   4260   854   -6   -183
16736   -936   4304   869   -23   -174
17188   -736   4292   863   12   -167
16740   -916   4108   861   -19   -158
16976   -780   4196   848   -20   -162
17020   -788   4288   843   4   -144
16840   -804   4408   833   -4   -187
17140   -760   4308   849   -57   -170
16764   -792   4204   863   -31   -160
17044   -936   4184   857   -26   -164
16916   -820   4220   867   -1   -149
16932   -748   4224   855   -28   -153
16920   -672   4332   863   -25   -159
17024   -892   4348   869   -2   -181
16656   -832   4324   843   7   -128
17228   -796   4364   865   -19   -181
17088   -856   4236   871   -41   -153
16788   -880   4184   870   -4   -142
17148   -676   4424   873   -28   -143
16872   -788   4092   877   -9   -149
17100   -768   4368   864   -30   -161
16952   -908   4312   876   -21   -176
16852   -816   4252   847   -12   -168
16996   -808   4244   862   -14   -160
16888   -816   4324   864   -1   -167
16964   -828   4356   859   -19   -154
16844   -768   4156   881   -19   -167
16924   -868   4228   869   -6   -157
17008   -796   4240   869   -15   -165
16924   -816   4276   858   -8   -164
17124   -804   4376   856   -4   -139
16824   -892   4196   849   -23   -159
17092   -804   4288   861   -31   -171
16876   -768   4360   881   -9   -164
16904   -772   4196   852   6   -152
17060   -796   4352   865   -19   -156
16988   -768   4328   841   -18   -144
16948   -868   4184   862   -16   -166
17000   -812   4300   865   -7   -138
16856   -852   4376   858   -22   -179
16952   -920   4252   860   -11   -153
17088   -776   4156   867   -23   -132
16708   -944   4300   852   -24   -181
17232   -832   4320   854   6   -165
16816   -728   4172   882   4   -150
17020   -860   4252   867   3   -162
16928   -924   4284   860   -17   -178
17000   -832   4220   862   -29   -171
17028   -756   4208   876   -17   -149
17012   -860   4312   891   -35   -137
17072   -848   4384   863   -33   -166
16896   -912   4260   857   -16   -153
16952   -800   4196   881   -12   -164
17092   -736   4204   881   -18   -145
16868   -888   4436   849   -5   -177
17140   -852   4320   849   0   -149
16940   -816   4292   855   -39   -154
17080   -840   4232   869   -9   -154
16984   -792   4284   861   -31   -137
16904   -832   4320   863   -44   -153
16972   -780   4216   856   -16   -140
17000   -784   4332   869   -26   -148
17044   -852   4164   879   -19   -152
17020   -828   4180   845   -14   -180
17056   -812   4216   849   -25   -170
16956   -816   4288   858   3   -146
17008   -884   4296   873   -36   -114
16952   -804   4276   865   -26   -153
16972   -840   4392   875   -2   -167
16892   -868   4244   856   -31   -153
17004   -740   4168   876   -2   -165
16956   -872   4244   863   -15   -171
16916   -740   4176   862   -18   -151
17056   -764   4236   861   -19   -176
16972   -916   4284   857   -2   -151
16936   -836   4324   863   -19   -137
16964   -812   4304   864   -15   -152
16932   -812   4376   866   3   -153
16928   -812   4372   866   -11   -146
 4200   876   -17   -133
17120   -768   4480   871   8   -150
17000   -900   4080   878   -20   -155
16856   -864   4344   854   -48   -172
17068   -812   4232   853   -11   -140
16948   -816   4164   846   -8   -150
17036   -704   4328   864   -30   -138
16888   -760   4340   849   -31   -159
17036   -816   4300   858   -23   -163
16836   -796   4296   844   -11   -169
16944   -748   4288   865   -13   -157
16960   -864   4260   870   -30   -151
16904   -776   4204   854   -20   -177
16976   -888   4264   843   10   -146
17060   -840   4216   861   -19   -156
17064   -860   4164   880   9   -151
16960   -756   4284   848   -21   -160
16968   -872   4300   881   9   -164
17020   -884   4328   891   -16   -172
17012   -816   4372   875   -25   -152
17000   -808   4180   865   -6   -146
17036   -880   4352   872   -17   -171
17044   -808   4472   856   -7   -137
17192   -820   4272   870   -13   -175
16840   -924   4188   868   0   -167
17088   -816   4228   854   -8   -145
17016   -840   4248   873   -18   -166
17028   -892   4164   872   -19   -168
16932   -880   4296   866   -15   -158
17076   -756   4320   857   -3   -159
17080   -828   4292   857   -14   -133
16904   -716   4360   870   -23   -182
16956   -836   4168   885   -17   -151
16924   -864   4360   868   -12   -154
17036   -720   4376   846   -20   -148
16976   -836   4428   854   -38   -161
16904   -880   4196   863   -24   -165
16968   -864   4420   871   -17   -173
17020   -808   4188   846   -23   -172
16988   -880   4216   882   -14   -153
16908   -804   4364   873   -23   -171
16940   -800   4316   872   -9   -162
17056   -828   4212   850   -11   -147
16964   -804   4376   862   -19   -152
16972   -860   4108   851   -4   -162
16996   -760   4372   854   -5   -175
16936   -928   4368   875   -24   -177
17056   -804   4268   866   -7   -147
17064   -816   4316   864   -5   -144
16988   -808   4292   870   14   -137
16980   -832   4292   867   -7   -134
17036   -836   4376   844   -7   -179
16904   -916   4284   864   -13   -164
17052   -696   4100   846   -12   -154
16980   -872   4384   863   -27   -162
16892   -840   4328   842   -7   -163
16948   -840   4140   852   3   -151
17068   -860   4340   836   -2   -161
16932   -748   4336   871   -10   -174
16840   -864   4324   868   -4   -161
16884   -900   4232   862   -14   -160
17084   -836   4308   846   -16   -174
16900   -904   4332   835   -1   -155
17068   -808   4296   871   -10   -154
16916   -868   4372   865   -41   -147
17040   -856   4236   834   -11   -159
16788   -828   4244   865   2   -141
17100   -856   4268   864   13   -147
16916   -792   4200   865   -54   -145
17060   -848   4140   876   -4   -174
16860   -860   4356   860   -20   -175
17104   -796   4276   872   -19   -147
16940   -800   4328   857   -2   -163
17100   -832   4268   867   -16   -120
17036   -816   4192   855   -7   -153
