-740   4388   862   17   -140
17104   -740   4236   854   -10   -153
17080   -868   4576   819   2   -178
17012   -768   4288   909   -38   -138
16928   -720   4244   872   13   -147
16924   -808   4292   878   -17   -144
17060   -752   4312   859   -38   -135
16824   -768   4412   867   -28   -170
17040   -800   4336   858   -40   -129
17020   -844   4272   865   -19   -147
16896   -832   4388   857   -19   -172
17180   -732   4140   867   16   -127
17100   -816   4392   846   -16   -158
16920   -948   4284   861   9   -204
16968   -700   4308   847   -34   -168
16864   -880   4448   856   -19   -149
16964   -852   4364   851   -9   -146
17060   -808   4392   854   8   -150
16984   -812   4304   866   -34   -153
17068   -876   4432   860   -27   -126
16956   -872   4220   854   2   -184
16948   -844   4276   867   -4   -152
16912   -880   4420   858   -7   -192
17028   -816   4352   863   -15   -161
17020   -828   4348   864   1   -141
16776   -820   4304   857   10   -156
17008   -920   4336   876   -48   -143
17040   -912   4432   852   -37   -151
16936   -764   4412   848   -17   -180
17020   -756   4392   856   -21   -123
16612   -1108   4236   874   6   -161
16536   -988   4644   862   -16   -142
17244   -692   4616   859   -10   -164
17056   -772   4412   849   -32   -168
16692   -892   4352   885   -18   -174
16892   -788   4448   857   50   -148
16628   -832   4356   866   -6   -177
16976   -772   4336   884   -62   -157
16976   -832   4432   869   -17   -125
16952   -852   4360   860   -6   -155
16912   -904   4324   843   -11   -166
16980   -784   4404   852   -27   -155
17044   -900   4380   857   -22   -144
17168   -744   4304   858   9   -153
16756   -768   4392   893   -6   -158
16932   -748   4160   872   8   -162
17132   -808   4424   866   -7   -158
16872   -756   4264   870   -1   -145
17032   -728   4524   866   -60   -147
17028   -828   4432   987   -37   -123
16888   -756   4260   875   6   -166
16984   -896   4492   852   -11   -174
16996   -1012   4316   840   -38   -148
17080   -828   4304   863   -2   -165
16944   -780   4392   873   -15   -160
16944   -844   4372   868   -8   -148
16900   -900   4416   841   -11   -148
17072   -804   4224   869   -13   -146
16996   -812   4352   869   16   -151
17000   -752   4432   844   -27   -153
16880   -856   4276   853   -17   -191
16932   -812   4200   873   0   -149
16864   -836   4312   884   -36   -154
16916   -780   4200   856   -24   -186
17200   -720   4464   866   -45   -121
16892   -888   4520   868   -19   -159
17008   -760   4336   869   -29   -150
17444   -876   4300   880   12   -140
16964   -868   4568   855   -12   -135
16900   -876   4408   860   -17   -154
16964   -804   4448   878   -19   -174
16952   -784   4428   864   -8   -153
17056   -900   4316   848   -2   -154
16984   -740   4296   871   -25   -139
16992   -792   4392   879   -7   -138
16928   -800   4356   860   -13   -159
17008   -772   4236   870   -6   -156
17004   -856   4428   851   -23   -174
17020   -848   4360   847   -18   -148
16984   -784   4208   846   -30   -142
17060   -880   4348   864   -8   -165
17020   -880   4344   847   -20   -130
16976   -896   4252   858   -5   -152
17008   -816   4344   875   -14   -174
17000   -768   4244   880   -21   -136
16912   -764   4312   876   -16   -172
17044   -712   4268   876   -18   -157
16928   -796   4416   842   -12   -155
16876   -840   4428   858   -18   -161
16916   -796   4316   861   -20   -151
17060   -672   4356   874   -29   -131
16964   -888   4292   875   -7   -185
16900   -868   4264   845   -32   -178
17024   -844   4180   851   -5   -157
16872   -764   4544   868   -26   -164
17068   -860   4452   862   -37   -143
16896   -872   4456   855   0   -147
16940   -960   4376   857   -25   -175
-5.18   0.00
-5.18   0.00
-5.18   0.00
-5.18   0.00
-5.18   0.00
-5.18   0.00
-5.18   0.00
-5.18   0.00
-5.18   0.00
-5.18   0.00
-5.18   0.00
-5.18   0.00
-5.18   0.00
-5.18   0.00
-5.18   0.00
-5.18   0.00
-5.18   0.00
-5.18   0.00
-5.18   0.00
-5.18   0.00
-5.18   0.00
-5.18   0.00
-5.18   0.00
-5.18   0.00
-5.18   0.00
-5.18   0.00
-5.18   0.00
-5.18   0.00
-5.18   0.00
-5.18   0.00
-5.18   0.00
-5.18   0.00
-5.18   0.00
-5.18   0.00
-5.18   0.00
-5.18   0.00
-5.18   0.00
-5.18   0.00
-5.18   0.00
-5.18   0.00
-5.18   0.00
-5.18   0.00
-5.18   0.00
-5.18   0.00
-5.18   0.00
-5.18   0.00
-5.18   0.00
-5.18   0.00
-5.18   0.00
-5.18   0.00
-5.18   0.00
-5.18   0.00
-5.18   0.00
-5.18   0.00
-5.18   0.00
-5.18   0.00
-5.18   0.00
-5.18   0.00
-5.18   0.00
-5.18   0.00
-5.18   0.00
-5.18   0.00
-5.18   0.00
-5.18   0.00
-5.18   0.00
-5.18   0.00
-5.18   0.00
-5.18   0.00
-5.18   0.00
-5.18   0.00
-5.18   0.00
-5.18   0.00
-5.18   0.00
-5.18   0.00
-5.18   0.00
-5.18   0.00
-5.18   0.00
-5.18   0.00
-5.18   0.00
-5.18   0.00
-5.18   0.00