17008   -936   4184   863   -4   -147
16952   -912   4488   871   -17   -147
17076   -756   4408   890   -33   -137
16872   -880   4420   860   -14   -159
16892   -892   4532   885   -18   -145
16932   -480   4016   1668   128   -37
16952   -1032   4592   1761   -175   -56
17852   -976   5028   1143   -1419   -1298
17576   -1280   3756   882   -3488   943
18828   -840   2760   437   -5658   1538
18104   -1444   1816   477   -7612   -834
17636   -712   -1120   460   -7866   -2495
15512   760   -2368   -618   -10468   -5114
13848   876   -4224   1170   -7623   -92
15708   388   -5864   698   -5098   -305
14748   180   -6424   121   -6756   212
11820   680   -7404   1078   -5497   493
11712   0   -9380   604   -7025   -2271
12324   1100   -10208   1175   -4279   -1509
11640   1560   -11480   2824   -1234   1894
11576   1044   -9852   1665   -3944   -164
10420   508   -10632   213   -4405   -1468
8264   744   -12596   30   -5016   302
6960   784   -13068   -554   -4462   -2312
7520   1396   -13848   914   -4312   -1391
7164   1548   -13160   1873   -1217   675
4628   1396   -13276   611   -2097   -722
2368   1760   -14748   656   2588   -942
4380   2020   -13964   1488   6742   490
5996   944   -13284   1861   10879   -618
11760   1028   -9800   1516   12506   -1002
14748   584   -8744   2119   11452   -400
14784   476   -7312   2355   9654   14
14096   -92   -6172   470   9560   1640
14632   276   -2868   570   8693   -1782
14252   472   -1996   876   6128   -555
16044   364   -736   293   7106   -452
17124   -24   1072   239   6077   -595
17944   252   2064   266   2581   -197
18072   -576   2628   978   5871   -526
16548   -408   3312   647   2832   -730
15908   -24   3740   817   2321   1201
17036   -732   4528   618   -119   5
16840   -696   4520   895   -228   -149
16992   -868   4136   924   -49   -152
16960   -724   4380   870   30   -165
16964   -712   4220   869   -19   -156
16892   -896   4380   864   -6   -130
16940   -784   4452   853   -6   -155
16904   -864   4436   859   -15   -152
16884   -852   4372   872   -11   -167
16964   -808   4336   849   -25   -153
16872   -880   4256   888   -10   -132
16960   -824   4416   867   -21   -130
16940   -912   4280   863   -10   -176
16928   -812   4376   881   -19   -161
17032   -784   4348   873   8   -159
17044   -928   4432   865   3   -145
16920   -796   4412   881   2   -133
16960   -860   4372   858   -9   -162
17368   -792   4108   877   -4   -155
17112   -892   4320   900   82   -162
16848   -784   4300   881   -8   -148
17024   -1680   4440   852   -35   -152
16988   -448   4672   1272   -264   -151
17720   -184   5056   4306   -2097   -1521
17668   344   6136   6100   -789   -1693
18416   1484   6120   6848   2929   -1862
15436   2556   5988   8877   1228   26
17708   1852   4892   12013   1973   -2407
17012   -812   2856   8767   8614   -616
19696   600   3896   7983   2936   1957
16688   280   5460   6391   2956   -539
17632   936   5624   3908   -953   1001
17428   -164   3808   821   -2747   1521
18036   -1968   4204   -1836   -4245   3350
16456   -1696   7100   -12258   7131   2223
19964   -2848   7424   -12288   2708   -3083
19224   960   6448   -12687   4965   -6867
15576   3680   6808   -10421   -1357   505
19908   3632   -84   -7599   -73   2689
16616   2908   6200   -3475   -3132   6688
15416   -1124   5712   1438   -4334   2426
16864   -844   4440   939   -64   -156
17052   -576   5328   1157   321   -400
17620   -1696   4520   2282   -10689   -3508
21088   -1372   1276   802   -15156   -6770
15680   -708   -2596   -228   -21324   -4243
13776   1520   -7200   240   -23596   -1324
8740   412   -9344   148   -18050   -521
4872   1164   -11968   -754   -14766   -938
-952   1464   -15880   1531   -13990   32
-1112   2088   -14512   1542   819   860
-1880   616   -15296   2513   -1428   59
2348   1764   -16384   1926   6069   1939
220   464   -14232   2277   13828   382
4152   268   -7720   1504   15613   194
9872   464   -8448   3037   15783   3794
16104   -568   -4288   1788   11286   724
55050   39494
55050   39494
55050   39494
55050   39494
55050   39494
55050   39494
55050   39494
55050   39494
55050   39494
55050   39494
55050   39494
55050   39494
55050   39494
55050   39494
55050   39494
55050   39494
55050   39494
55050   39494
55050   39494
55050   39494
55050   39494
55050   39494
55050   39494
55050   39494
55050   39494
55050   39494
55050   39494
55050   39494
55050   39494
55050   39494
55050   39494
55050   39494
55050   39494
55050   39494
55050   39494
55050   39494
55050   39494
55050   39494
55050   39494
55050   39494
55050   39494
55050   39494
55050   39494
55050   39494
55050   39494
55050   39494
55050   39494
55050   39494
55050   39494
55050   39494
55050   39494
55050   39494
55050   39494
55050   39494
55050   39494
55050   39494
55050   39494
55050   39494
55050   39494
55050   39494
55050   39494
55050   39494
55050   39494
55050   39494
55050   39494
55050   39494
55050   39494
55050   39494
55050   39494
55050   39494
55050   39494
55050   39494
55050   39494
55050   39494
55050   39494
55050   39494
55050   39494
55050   39494
55050   39494
55050   39494
55050   39494
55050   39494
55050   39494
55050   39494
55050   39494
55050   39494
55050   39494
55050   39494
55050   39494
55050   39494
55050   39494
55050   39494
55050   39494
55050   39494
55050   39494
55050   39494
55050   39494
55050   39494
55050   39494
55050   39494
